13.0000
7.0000
87.0000
2.0000
0.0000
0.0000
0.0000
8.0000
2.0000
0.0000
0.0000
88.0000
590.0000
2.0000
93.0000
2.0000
0.0000
0.0000
0.0000
13.0000
2.0000
0.0000
0.0000
92.0000
652.0000
2.0000
2.0000
0.0704
0.0025
0.0028
0.0050
0.0080
0.0030
0.0014
0.0027
-0.0268
0.0038
0.0051
0.0019
0.0021
0.0004
-0.0003
0.0018
0.0022
-0.0005
-0.0004
-0.0003
-0.0109
0.0004
0.0011
-0.0001
0.0005
-0.0006
0.0021
0.0008
-0.0003
0.0003
-0.0006
-0.0074
0.0006
0.0011
0.0002
-0.0001
0.0020
0.0051
0.0023
0.0008
0.0020
-0.0152
0.0027
0.0030
0.0013
0.0015
0.0038
0.0016
0.0007
0.0007
-0.0092
0.0028
0.0035
0.0021
0.0028
-0.0001
0.0001
-0.0004
-0.0102
0.0012
0.0008
-0.0005
0.0000
0.0006
0.0003
-0.0085
0.0013
0.0003
0.0010
-0.0001
-0.0007
-0.0075
0.0006
0.0011
0.0001
-0.0001
-0.0138
-0.0114
-0.0124
-0.0090
-0.0095
0.0022
0.0008
-0.0003
0.0010
0.0031
0.0014
0.0006
0.0000
-0.0004
-0.0001
0.0096
