12
4
-2.567
-1.8836
-0.23527
-0.12877
-1.6539
-9.0422
-0.29487
7.0091
-177.15
952.15
0.1743
2.6234
5.1314
0.23772
0.1905
2.1039
12.852
0.21279
12.861
178.62
1024.3
3.5425
2
0.13419
-8.5096
8.6469
-0.23877
-1.0374
-7.4574
-0.37499
1.0359
-0.11497
-12.09
0.18013
1.2039
1.0717
2.7247
0.21389
-0.6184
-0.15323
-0.040409
0.76329
-0.10585
15.525
-0.050848
-0.99035
2.3685
0.11585
-1.6664
-0.24912
0.18704
0.11934
0.024827
-11.217
0.20995
1.2397
2.5694
-2.6207
-0.72026
-1.3456
1.0059
-0.098843
-2.2736
-0.03439
1.5077
-2.303
-0.012509
2.452
-0.2261
0.46561
-1.7695
0.319
3.7372
-0.78603
0.56552
-0.65677
0.001485
14.333
-0.10132
0.53303
-0.072112
-0.7854
0.08489
1.4664
0.049612
-0.42842
0.48058
-0.11372
-1.9377
0.02994
-0.3075
-6.2585e-05
0.24829
0.037731
-0.081142
3.2681
-0.21256
1.7825
-0.019674
-0.2666
-2.0565
4.3532
