13.0000
9.0000
87.0000
2.0000
0.0000
0.0000
0.0000
8.0000
0.0000
2.0000
0.0000
88.0000
590.0000
2.0000
93.0000
2.0000
0.0000
0.0000
0.0000
13.0000
0.0000
2.0000
0.0000
92.0000
652.0000
2.0000
2.0000
0.0000
0.0030
0.0016
0.0067
0.0070
0.0018
0.0029
-0.0247
0.0016
0.0042
0.0050
0.0026
0.0026
0.0005
-0.0002
0.0020
0.0020
-0.0007
-0.0002
-0.0109
-0.0002
0.0009
0.0013
0.0006
0.0003
0.0004
0.0002
0.0026
0.0006
0.0005
-0.0099
0.0005
0.0008
0.0016
0.0000
0.0003
0.0037
0.0036
0.0011
0.0013
-0.0135
0.0002
0.0025
0.0034
0.0015
0.0016
0.0032
0.0017
0.0013
-0.0067
0.0026
0.0029
0.0037
0.0020
0.0007
0.0007
0.0003
-0.0097
0.0006
0.0001
0.0011
0.0006
-0.0002
0.0001
-0.0106
0.0005
0.0014
0.0015
-0.0010
0.0005
-0.0183
-0.0100
-0.0101
-0.0124
-0.0097
-0.0099
0.0005
0.0008
0.0016
0.0000
0.0003
0.0009
0.0023
0.0009
0.0001
0.0015
0.0012
0.0016
-0.0004
0.0004
0.0001
0.0112
